[0.008528056, 0.007034323, 0.006298455, 0.006089375, 0.0059113237, 0.0057926644, 0.0056526326, 0.005525048, 0.005333632, 0.0051446934, 0.0049338737, 0.004709072, 0.004497407, 0.0042387415, 0.0039855023, 0.0037556887, 0.0035248557, 0.0033222085, 0.003135961, 0.0029866179, 0.0028413534, 0.0026725826, 0.0025243578, 0.0023986124, 0.0022830921, 0.002170715, 0.0020544233, 0.0018640266, 0.0016691145, 0.0015191314, 0.0014424933, 0.0014005033, 0.0013241606, 0.001219771, 0.001144118, 0.0011402093, 0.0011448326, 0.0011569526, 0.0011447048, 0.0011342291, 0.0011286287, 0.0011237639, 0.001102143, 0.0010948682, 0.001087919, 0.0010692346, 0.0010564744, 0.0010344648, 0.0009994314, 0.0009658345, 0.0009444342, 0.000934167, 0.0009339457, 0.00093394786, 0.00093394687, 0.0009339436, 0.00093394285, 0.0009339456, 0.00093394215, 0.00093394675, 0.0009339427, 0.0009339502, 0.0009339466, 0.0009339461, 0.00093394803, 0.00093394483, 0.0009339485, 0.0009339474, 0.0009339484, 0.0009339466, 0.0009339465, 0.0009339465, 0.00093394646, 0.0009339464, 0.000933945, 0.0009339475, 0.0009339465, 0.0009339469, 0.0009339472, 0.0009339478, 0.0009339498, 0.00093394646, 0.0009339458, 0.0009339483, 0.0009339463, 0.00093395024, 0.0009339488, 0.00093394605, 0.0009339483, 0.0009339463, 0.0009339484, 0.00093394634, 0.0009339465, 0.00093394704, 0.00093394524, 0.00093394663, 0.0009339467, 0.00093394634, 0.0009339442, 0.0009339461]
first.ply (aligned on perturbed) 2000

[0.042479746, 0.032362547, 0.029980235, 0.028135631, 0.026388615, 0.02496562, 0.023572149, 0.022027716, 0.020498842, 0.019340675, 0.01743335, 0.016223973, 0.015741806, 0.015542586, 0.015640784, 0.015818145, 0.016013777, 0.016058834, 0.015897276, 0.015785493, 0.01572373, 0.015657708, 0.015679656, 0.015625758, 0.015552379, 0.015551887, 0.015513692, 0.015524273, 0.015559869, 0.015592148, 0.015743464, 0.015847372, 0.015936261, 0.015978545, 0.01603384, 0.016113188, 0.016190048, 0.016274102, 0.016344592, 0.016479097, 0.016522001, 0.016670346, 0.016689153, 0.01674847, 0.017037397, 0.017363852, 0.01763125, 0.017852254, 0.017900344, 0.017999545]

second (returned) 10000 points



[0.009288258, 0.007579709, 0.0071399217, 0.0068387385, 0.006563058, 0.0063381656, 0.0061012995, 0.005910622, 0.0057458254, 0.005564657, 0.00538927, 0.005247542, 0.0051030596, 0.0049685687, 0.0048574004, 0.0047515878, 0.004636489, 0.004512526, 0.0044030882, 0.00431748, 0.004248388, 0.0041792546, 0.0040807812, 0.0039845994, 0.0039093527, 0.0038535492, 0.0038133622, 0.0037813564, 0.0037367262, 0.003671798, 0.0036119297, 0.0035333624, 0.003457181, 0.0033906589, 0.0033396778, 0.003284582, 0.0032292868, 0.0031896706, 0.0031523413, 0.0030985035, 0.0030318089, 0.0029669553, 0.0029136252, 0.0028685567, 0.0028216755, 0.0027732754, 0.002726136, 0.0026838214, 0.0026328312, 0.002585912, 0.002534232, 0.0024875575, 0.0024587973, 0.0024269118, 0.0023910422, 0.0023556328, 0.0023297751, 0.0022994867, 0.0022652526, 0.0022320116, 0.002200349, 0.002166952, 0.0021270534, 0.002071392, 0.0020098793, 0.001950198, 0.0018991, 0.0018596168, 0.0018287762, 0.0018071395, 0.0017934679, 0.0017828898, 0.001777856, 0.0017740602, 0.0017701447, 0.0017684347, 0.0017667179, 0.0017686071, 0.0017713169, 0.0017769075, 0.001781648, 0.0018010323, 0.0018024181, 0.0017651059, 0.0017145582, 0.001660344, 0.0015978981, 0.0015247322, 0.0014547253, 0.0014214715, 0.0013994621, 0.0013840394, 0.0013701541, 0.0013566585, 0.0013452321, 0.0013383956, 0.0013328437, 0.0013288736, 0.001325706, 0.0013231428]

